Cluster Index	Voxels	MAX	MAX X (vox)	MAX Y (vox)	MAX Z (vox)	COG X (vox)	COG Y (vox)	COG Z (vox)
54	31850	11.4	27	38	27	44	30.6	36.3
53	6543	6.84	15	57	64	27.6	57.7	62.9
52	4411	6.96	66	53	66	67.4	58.2	60.7
51	389	6.25	61	80	27	60	80.5	29.1
50	257	4.08	44	92	30	47.7	88	30.3
49	122	4.55	40	25	16	38.9	25.5	15.8
48	74	3.35	30	82	30	30	81.3	30.1
47	62	3.54	51	25	16	51.1	25.2	16.3
46	48	4.39	53	99	44	53.3	99.2	45.3
45	46	3.5	56	42	15	56.3	42	15.3
44	44	3.18	13	61	41	13.9	61.2	40.4
43	38	3.17	47	49	25	46	48.1	26.6
42	25	3.43	70	54	49	70.3	54.2	48.8
41	22	3.1	39	38	43	39.1	39.1	42.3
40	21	3.63	51	62	70	50.7	62.3	70.2
39	21	3.28	37	41	16	36.6	41.6	15.4
38	21	3.12	49	75	35	48.5	75.2	35.4
37	17	3.33	52	89	61	53.1	88.8	60.6
36	12	2.75	50	37	42	50.3	36.7	42.3
35	11	2.67	27	42	62	27	41.7	62.3
34	11	2.63	47	44	20	46.4	43.6	20.2
33	9	2.96	23	56	48	23.4	56	48
32	9	2.72	59	78	40	59.3	77.8	40.3
31	9	2.58	49	43	66	49.8	42.3	66.4
30	7	2.57	35	78	33	34.6	77.6	32.6
29	6	2.5	41	21	58	40.2	20.3	58.3
28	5	2.55	39	52	61	39	51.4	60.8
27	4	2.49	40	90	30	39.5	90	30.5
26	3	2.77	55	84	64	54.7	84	63.7
25	3	2.62	15	40	28	15	40.7	27.7
24	2	2.35	34	66	24	34.5	65.5	23.5
23	2	2.46	37	48	62	37.5	48	62
22	2	2.54	16	79	50	15.5	78.5	50.5
21	2	2.37	55	59	27	55	58.5	27
20	2	2.39	58	53	47	58.5	52.5	46.5
19	2	2.45	53	93	28	53.5	93	28
18	2	2.47	51	46	63	50.5	46	63
17	2	2.78	70	70	30	70	69.5	30
16	2	2.52	78	54	37	78	53.5	37
15	2	2.47	73	64	33	73	64.5	33
14	2	2.79	17	84	41	17	84	41.5
13	1	2.37	51	49	62	51	49	62
12	1	2.34	50	44	63	50	44	63
11	1	2.33	18	69	65	18	69	65
10	1	2.3	32	71	21	32	71	21
9	1	2.3	29	44	57	29	44	57
8	1	2.37	41	65	55	41	65	55
7	1	2.41	40	86	27	40	86	27
6	1	2.87	22	91	28	22	91	28
5	1	2.48	44	78	29	44	78	29
4	1	2.39	14	77	40	14	77	40
3	1	2.44	77	61	36	77	61	36
2	1	2.31	37	78	33	37	78	33
1	1	2.3	57	55	27	57	55	27
